Issue month: 1968-03
Reference month: 1968-02
Status: needs_review
Source: https://fraser.stlouisfed.org/files/docs/publications/employment/1960s/empl_031968.pdf
PDF: C:\Users\wmf098\Desktop\white_mp_polarization_replication\white_mp_polarization_replication\data\ee_pdfs\empl_031968.pdf
Text: C:\Users\wmf098\Desktop\white_mp_polarization_replication\white_mp_polarization_replication\data\ee_text\empl_031968.txt
Warnings: block is seasonally adjusted rather than the printed current-month level table
Error: (none)

Best candidate page: 64
Candidate lines: 4909-4992
Candidate score: 97.5

Extracted category values (thousands):
  blue_collar_workers: 27265 (line 4979: Blue-collar workers                                   27,48f 27,265 27,600 27,106 27,025             27,453 27,218 27,391 27,361 27,043 27,034      27,197 27,427)
  clerical: 12702 (line 4976: Clerical workers                                     12,702 12,643 12,660 12,782 12,582             12,399 12,30812 ,261 12,285 12,277 12,163      12,043 12,093)
  craft: 10071 (line 4980: Craftsmen and foremen                               10,071 9,967 9,945 9,830 9,708                  9,914 9,565 9,785 9,784 9,815 9,903            9,980 9,969)
  managers: 7697 (line 4975: Managers, officials, and proprietors                  7,697 7,656 7,540 7,658 7,687                  7,617 7,845 7,535 7,557 7,408 7,340            7,276 7,276)
  nonfarm_laborers: 3431 (line 4982: Nonfarm laborers                                     3,431 3,446 3,592 3,459 3,540                  3,549 3,560 3,610 3,622 3,499 3,497            3,441 3,527)
  operatives_total: 13983 (line 4981: Operatives                                          13,983 13,852 14,063 13,817 13,777             13,990 14,09313 ,996 13,955 13,729 13,634      13,776 13,931)
  professional_technical: 10121 (line 4974: Professional and technical . . . . . . . .           10,121 9,991 9,985 10,073 10,093                9,982 9,936 9,950 9,929 9,735 9,746            9,729 9,758)
  sales: 4605 (line 4977: Sales workers                                         4,60S 4,487 4,554 4,557 4,591                  4,560 4,538 4,521 4,455 4,481 4,506            4,522 4,491)
  service_workers: 9396 (line 4984: Service workers                                        9,396   9,292    9,438     9,357    9,290      9,235   9,237 9,266   9,255   9,140   9,386    9,414   9,511)
  white_collar_workers: 35135 (line 4973: White-collar workers                                  35,135 34,777 34,739 35,070 34,953             34,558 34,    14,267 34,226 33,901 33,755      33,570 33,618)

Candidate block:
         HOUSEHOLD DATA
         SEASONALLY ADJUSTED


                                                       A-32: Employed persons by age and sex, seasonally adjusted


                                                                                         (In thousands)


                                                                   1968                                                       1967
                              Age and sex


                                                               Feb.       Jan.   Dec.       Nov.      Oct.    Sept.    Aug.   July   Tune     May     Apr.    Mar.    Feb.
                                  TOTAL
                                                               75,731 75,167 75,577        75,005 74,735 74,658 74,664 74,478 74,169 73,550 73,939 73,822 74,063

                                                                5,853 5,625 5,529           5,463 5,464 5,530 5,666 5,696 5,827 5,661 5,826 5,873 5,835
                                                                2,467 2,319 2,346           2,296 2,314 2,267 2,338 2,320 2,358 2,232 2,343 2,467 2,383
                                                                3,389 3,328 3,222           3,167 3,135 3,233 3,317 3,367 3,454 3,391 3,469 3,468 3,482
                                                                8,676 8,682 8,720           8,726 8,562 8,555 8,602 8,606 8,536 8,415 8,384 8,335 8,341
                                                               61,203 60,847 61,337        60,835 60,701 60,602 60,378 60,145 59,771 59,482 59,894 59,603 59,881
                                                               47,538 47,365 47,544        47,068 46,899 46,785 46,760 46,528 46,161 46,158 46,327 46,400 46,508
                                                               13,715 13,604 13,802        13,731 13,723 13,682 13,611 13,552 13,589 13,280 13 388 13,289 13,434

                                    MALE

                                                               48,056 47,790 47,885        47,553 47,532 47,603 47,630 47,537 47,419 47,147 47,256 47,339 47,417

                                                                3,214 3,050 3,110           3,047 3,072 3,135 3,209 3,191 3,245 3,158 3,204 3,314 3,241
                                                                1,501 1,414 1,457           1,421 1,407 1,416 1,428 1,396 1,404 1,347 1,362 1,512 1,435
                                                                1,735 1,661 1,681           1,634 1,661 1,715 1,769 1,785 1,830 1,782 1,829 1,848 1,839
                                                                4,844 4,843 4,826           4,815 4,832 4,860 4,879 4,871 4,857 4,751 4,760 4,749 4,792
                                                               40,000 39,891 39,945        39,723 39,625 39,608 39,558 39,476 39,317 39,190 39,481 39,287 39,379
                                                               31,084 31,031 31,015        30,806 30,678 30,700 30,668 30,614 30,434 30,432 30,538 30,623 30,623
                                                                8,931 8,901 8,944           8,913 8,912 8,896 8,876 8,851 8,847 8,756 8,733 8,704 8,772

                                  FEMALE

                                                               27,675 27,377 27,692        27,452 27,203 27,035 27,034 26,941 26,750 26,403 26,683 26,483 26,646

                                                                2,639 2,575 2,419           2,416 2,392 2,395 2,457 2,505 2,582 2,503 2,622 2,559 2,594
                                                                  966    905    889           875    907    851    910    924    954    885    981    955    948
                                                                1,654 1,667 1,541           1,533 1,474 1,518 1,548 1,582 1,624 1,609 1,640 1,620 1,643
            20 to 24 years                                      3,832 3,839 3,894           3,911 3,730 3,695 3,723 3,735 3,679 3,664 3,624 3,586 3,549
                                                               21,203 20,956 21,392        21,112 21,076 20,994 20,820 20,669 20,454 20,292 20,413 20,316 20,502
                                                               16,454 16,334 16,529        16,262 16,221 16,085 16,092 15,914 15,727 15,726 15,789 15,777 15,885
                                                                4,784 4,703 4,858           4,818 4,811 4,786 4,735 4,701 4,742 4,524 4,655 4,585 4,662




                                             A-33: Employed persons by major occupation group, seasonally adjusted


                                                                                             (In thousands)


                                                                                                                              1967
                           Occupation group

                                                                Feb.             Dec.               Oct.      Sept.    Aug. July                     April   Mar.     Feb.

         White-collar workers                                  35,135 34,777 34,739 35,070 34,953             34,558 34,    14,267 34,226 33,901 33,755      33,570 33,618
          Professional and technical . . . . . . . .           10,121 9,991 9,985 10,073 10,093                9,982 9,936 9,950 9,929 9,735 9,746            9,729 9,758
          Managers, officials, and proprietors                  7,697 7,656 7,540 7,658 7,687                  7,617 7,845 7,535 7,557 7,408 7,340            7,276 7,276
          Clerical workers                                     12,702 12,643 12,660 12,782 12,582             12,399 12,30812 ,261 12,285 12,277 12,163      12,043 12,093
          Sales workers                                         4,60S 4,487 4,554 4,557 4,591                  4,560 4,538 4,521 4,455 4,481 4,506            4,522 4,491

         Blue-collar workers                                   27,48f 27,265 27,600 27,106 27,025             27,453 27,218 27,391 27,361 27,043 27,034      27,197 27,427
           Craftsmen and foremen                               10,071 9,967 9,945 9,830 9,708                  9,914 9,565 9,785 9,784 9,815 9,903            9,980 9,969
           Operatives                                          13,983 13,852 14,063 13,817 13,777             13,990 14,09313 ,996 13,955 13,729 13,634      13,776 13,931
           Nonfarm laborers                                     3,431 3,446 3,592 3,459 3,540                  3,549 3,560 3,610 3,622 3,499 3,497            3,441 3,527

         Service workers                                        9,396   9,292    9,438     9,357    9,290      9,235   9,237 9,266   9,255   9,140   9,386    9,414   9,511
         Fanners and farm laborers                              3,81G   3,645    3,880     3,558    3,414      3,427   3,644 3,546   3,461   3,446   3,552    3,599   3,588




Digitized for FRASER
http://fraser.stlouisfed.org/
Federal Reserve Bank of St. Louis
